32 10
a -0.323205 0.349750 -1.105385 1.211844 0.704352 -0.621007 0.722130 1.076311 0.244019 0.708840
and -0.752137 -0.230157 -0.608345 -0.302557 -0.117380 -0.306290 -0.221719 -0.065768 -0.107655 -0.014971
beautiful -0.375098 -0.051187 -0.507264 0.105244 0.325549 0.314135 0.331890 0.594253 -0.368812 -0.309368
become 0.134379 -0.232872 0.774013 -0.036688 -1.053839 0.917885 -0.487857 0.067650 0.002223 0.806754
boy 0.474526 -0.108224 -0.320855 0.013262 -0.298074 0.396196 0.670689 0.073895 -0.320906 0.401292
brave -0.045743 -0.446523 -0.750356 -0.440202 -0.022647 -0.166748 0.024848 0.610360 0.012305 -0.164363
cared 0.269401 0.458813 0.106306 -0.561780 0.311848 -0.200229 0.202316 -0.482536 0.325277 0.325956
castle -0.044754 -0.591442 -0.003325 0.034705 -1.384543 -0.352877 -0.560652 0.351475 0.487260 -0.414533
for -0.062055 -0.657375 -0.347769 0.215457 -0.796293 -0.468807 -0.290067 0.034182 -0.154066 -0.028749
fought 0.441613 0.475871 -0.513463 -0.383330 0.373110 -0.225241 -0.122917 -0.650174 -0.310341 -0.004356
girl 0.165032 -0.096087 0.242609 0.391955 -0.470796 0.184068 0.492862 -0.441550 -0.222740 0.119271
in 0.242307 -0.871636 0.123525 0.309760 -0.772591 -0.352108 0.663459 0.627689 0.163990 -0.013708
is -0.324720 -0.177018 0.629844 -0.062060 0.082288 0.263035 -1.202565 -0.487494 0.293566 0.868387
king -0.143418 -0.466638 -0.376072 0.000020 -0.495744 0.308481 0.576371 0.535380 -0.458645 -0.653616
kingdom -0.438490 -0.540476 -0.721415 -0.547448 -1.468771 -0.755337 0.331867 0.491855 -0.219410 -0.486797
lives -0.792221 -0.294699 0.184620 -1.037748 0.187289 0.571616 -0.032575 -0.042349 0.262237 -0.810550
man -0.653982 -0.426402 0.321320 0.535530 -0.246224 -1.008132 0.441856 -0.149105 0.292743 -0.530132
on -0.414009 -0.356145 0.094017 -0.090470 -0.513842 -0.405908 0.144757 0.399498 0.058481 -0.131449
play -0.145157 0.319271 0.066009 -0.153434 0.261798 0.680722 0.314512 0.254115 -0.034390 0.203287
prince -0.473657 -0.482859 -0.371459 0.406930 -0.521106 -0.154435 0.187667 0.896573 0.007384 -0.422918
princess 0.450826 -0.430583 -0.433445 -0.357195 -0.671420 -0.238721 0.569687 0.888917 -0.257456 -0.283113
queen -0.272065 -0.006267 -0.796639 -0.117162 -0.351141 -0.306206 0.468565 0.535204 -0.265993 -0.275664
rules -0.827334 -0.203890 0.118151 -0.908236 -0.959118 -0.285881 -0.351966 -0.290626 0.660361 -0.618245
sit 0.313515 0.362646 0.191020 -0.040001 -0.109539 -0.162703 -0.011684 0.218306 0.139738 -0.118816
strong -0.045150 -0.496175 0.579386 0.867020 -0.322444 0.094217 -0.604364 -0.362661 0.791598 0.713759
the -0.981550 0.561982 -0.005101 -0.792851 1.386758 0.572957 0.569273 -0.406707 0.205938 0.462504
throne -0.650180 -0.573648 -0.739060 -0.227587 -0.725004 -0.712840 -0.067696 0.583767 0.175080 -0.374175
who -0.138947 -0.239366 0.583728 1.224665 0.402905 0.362056 -0.609789 0.791617 0.223255 0.340797
will 0.866936 0.756813 -0.036345 0.682539 -0.323301 -0.181554 -0.198304 0.163022 0.290555 0.164047
wise -0.941420 -0.684516 -0.001663 0.534470 -0.698271 0.338376 -0.708314 0.289603 0.159611 0.239286
woman -0.705088 -0.272819 -0.405987 0.037675 -0.268366 -0.122343 0.425276 -0.281374 0.998788 -0.338988
young -0.166124 -0.962081 -0.283045 0.897399 -0.848681 0.126270 -0.316039 -0.421421 0.379442 0.250379
