32 10
a -0.082782 0.074553 -0.207896 0.613829 -0.612969 -0.385127 0.354286 0.524595 -0.148442 0.014283
and 0.107548 0.215272 0.065094 -0.037555 -0.096858 0.183845 0.224039 -0.489983 -0.020213 0.132787
beautiful 0.081849 -0.176515 -0.329253 0.427894 0.118016 0.287911 0.110535 0.137697 -0.231011 0.120442
become -0.115955 -0.154797 0.235255 0.038869 -0.161392 0.136826 -0.267106 0.237814 0.257851 0.034789
boy 0.321442 -0.261648 0.059610 0.249969 0.277222 -0.323800 0.036297 0.205250 0.218226 0.159080
brave -0.150287 0.230018 -0.036455 0.428183 0.198424 -0.062887 0.022854 -0.062937 -0.195837 0.362920
cared -0.282696 -0.015734 -0.253011 -0.182720 0.300604 0.191950 0.004043 0.035493 -0.199664 -0.280471
castle -0.191035 0.076085 0.103718 -0.101130 -0.397769 0.204175 -0.226174 0.259967 -0.376458 0.344407
for -0.364908 0.228613 -0.152825 -0.201688 -0.260021 0.174171 0.156316 -0.056142 -0.093474 -0.087408
fought 0.135142 -0.373636 0.031567 -0.197837 0.248342 0.408393 0.244256 0.382298 0.315080 0.281174
girl 0.334980 -0.244070 -0.347672 0.393731 -0.079739 -0.167985 -0.281990 0.009018 0.167367 0.318649
in 0.239183 -0.073593 0.362091 0.276567 -0.082149 0.181895 0.117451 -0.202754 0.401914 -0.130593
is -0.184901 -0.125876 0.302276 0.209650 -0.454095 -0.268335 -0.129042 0.229629 -0.012643 0.535235
king 0.150143 -0.143134 0.158134 -0.367720 0.144939 -0.163668 0.286647 -0.204924 0.000708 -0.267934
kingdom 0.105994 -0.112081 -0.351452 -0.187120 0.083691 -0.019781 -0.224178 -0.129090 -0.114328 -0.185807
lives 0.171918 0.350851 -0.055156 -0.430926 -0.245921 -0.372230 0.367984 0.192091 -0.368042 -0.286101
man -0.038646 0.052920 -0.107029 0.141095 0.400926 0.276553 0.263624 -0.206755 0.259011 0.178666
on -0.250258 0.258457 0.230219 -0.043854 0.373198 0.130815 0.402753 -0.348265 0.228369 0.185827
play 0.041043 -0.099043 -0.006662 0.298965 -0.141147 -0.117329 -0.110759 0.222953 0.226163 0.292561
prince 0.299543 0.013398 -0.212943 0.127934 0.174164 -0.145686 -0.164229 -0.049425 0.077751 0.265127
princess -0.037189 0.371113 0.023889 -0.150052 -0.035198 -0.077694 -0.151138 0.157932 0.263641 0.041556
queen -0.169098 -0.090336 -0.142721 -0.264235 -0.133400 0.308546 -0.104499 0.317462 0.263933 -0.363557
rules -0.102839 -0.168795 -0.286964 0.368742 0.066157 0.209325 -0.112489 0.168006 -0.006265 0.210064
sit -0.125745 -0.011551 -0.062847 -0.285788 0.173914 -0.205156 0.383053 -0.312450 -0.157229 0.090621
strong 0.279478 0.294686 0.340299 0.479158 -0.357594 0.068950 -0.005016 -0.053374 -0.065487 0.341316
the 0.424693 -0.034735 -0.490805 0.184128 -0.139144 0.067299 0.062888 0.438645 -0.535016 0.193837
throne 0.154206 0.134029 -0.413158 -0.134568 0.242777 0.343702 -0.301237 0.286111 0.198170 -0.380126
who -0.272218 0.116463 0.189301 -0.070306 -0.028984 -0.013295 -0.119687 -0.325100 -0.225306 -0.340581
will 0.106240 -0.395442 0.293169 0.408389 -0.131687 0.047225 -0.099554 0.019039 -0.204905 -0.258597
wise 0.049044 0.048694 -0.018748 0.344897 -0.139662 -0.169304 -0.436490 -0.123415 -0.298622 -0.231481
woman -0.245858 0.266795 -0.231902 0.465601 0.274268 -0.054257 0.019049 0.360865 0.365747 -0.118131
young -0.152103 0.225001 -0.144607 0.321556 -0.035583 0.223678 -0.410865 0.478173 -0.207559 -0.102415
