32 10
a -1.028415 0.289315 -0.911597 1.046240 -0.020928 -1.072175 0.083480 -0.087904 -1.129561 0.020026
and 0.541875 0.195413 -0.054638 0.388787 -0.301530 0.074490 0.979290 -0.343550 -0.258750 0.009972
beautiful -0.669338 -0.313499 0.146861 -0.004996 0.019547 -0.207859 -0.244567 0.181039 -0.431820 0.225776
become 0.885301 -0.370972 -0.062326 -0.827361 -0.205313 -0.562576 -0.334570 -1.040127 0.279567 0.251150
boy 0.102244 0.107130 -0.476061 -0.261053 0.375514 -0.304862 0.075708 -0.699622 -0.123255 0.011546
brave -0.627210 0.117941 0.061647 -0.235724 -0.178762 0.047036 0.246640 0.239282 -0.425884 0.120041
cared 0.057265 0.147200 0.345326 0.333691 0.183581 -0.606047 0.293671 -0.305684 0.448086 0.038354
castle 0.258727 -0.196222 -0.322471 0.143730 -0.560077 1.145330 -0.604637 -0.208955 0.097381 0.244682
for 0.239733 0.474287 0.900563 0.470497 -0.200887 0.095472 -0.693646 0.630128 -0.246548 -0.413881
fought -0.239736 -0.075380 0.194291 -0.292136 0.498300 -0.001978 0.837072 -0.175136 0.233540 0.054802
girl -0.194601 -0.017949 -0.696950 -0.343605 -0.084113 -0.532195 0.519409 -0.416952 -0.251626 -0.085660
in 0.325535 0.030935 0.385987 -0.299357 0.096149 0.675350 0.526504 -0.498619 -0.388532 -0.625518
is 0.511313 -0.624744 -0.346968 -0.125382 -0.332866 -0.532523 0.658506 -0.482099 0.627504 0.426122
king 0.129438 -0.195247 0.455645 0.096534 -0.339775 0.015418 -0.087098 0.426343 -0.080125 -0.221626
kingdom 0.208983 0.572195 0.376356 -0.291574 -0.350585 1.484368 -0.057609 0.317426 -0.116206 -0.346276
lives -0.645035 0.639573 -0.162511 0.420000 0.974308 0.019905 0.191981 -0.315602 0.248681 0.832559
man 0.106924 0.061793 -0.846913 0.548700 -0.240974 -0.184828 -0.600182 -0.327046 -0.430094 0.392393
on -0.096815 0.587664 0.324471 0.100439 -0.140947 0.197083 0.020538 0.401107 -0.288642 -0.031325
play -0.208925 -0.121576 0.550909 -0.128047 0.416973 -0.446404 0.630913 0.039969 0.299543 -0.114582
prince -0.485915 -0.380206 0.162110 -0.087540 -0.528727 0.316138 -0.207259 0.428874 -0.047793 0.065295
princess -0.617016 0.517773 0.007149 0.238234 -0.257080 0.454129 -0.092911 0.044408 -0.585523 -0.496638
queen -0.484526 0.264685 0.241173 0.653873 -0.065964 0.168241 -0.384607 0.322497 -0.261853 0.062791
rules 0.639176 0.371180 -0.417986 0.173606 0.443734 0.759869 0.019057 -0.344558 -0.543928 0.312457
sit 0.031554 0.522246 0.348869 0.317118 -0.527209 -0.818934 0.045024 0.337052 0.548769 0.021222
strong 0.035435 -1.034460 -0.439714 -0.645835 0.329904 -0.935861 -0.719829 0.055781 -0.025046 0.213433
the -0.868280 0.621782 0.190129 -0.783452 1.405313 -1.101563 0.642580 0.898661 0.950666 -0.413434
throne 0.068745 -0.071646 0.138127 0.175875 -0.150806 0.954393 -0.378861 -0.099320 -0.169349 -0.136413
who 0.155359 -1.122233 -0.955499 -0.606969 0.825062 -0.074310 1.050604 -0.552011 0.177193 -0.516891
will 0.167035 0.077449 0.832693 0.654063 -0.262579 -0.860824 0.036403 -1.074143 0.046607 -0.581919
wise 0.402098 -0.544583 -0.281025 0.265888 -0.449538 0.086610 -0.493013 -0.369476 0.190422 0.467812
woman 0.566608 -0.231045 -0.633170 0.362024 0.786580 0.150813 -0.002348 0.350467 -0.997112 0.712647
young 0.191923 -0.661282 -0.216934 -0.110921 -0.333853 0.372428 -0.085123 -0.650817 0.466187 0.178891
