32 10
a 0.876891 0.673152 -0.753403 -0.565748 -0.256361 -0.763005 -0.260944 -0.747031 0.019916 0.235642
and 0.512046 -0.183111 -0.025232 -0.317343 -0.242519 -0.120026 0.494765 0.113993 0.384832 0.100563
beautiful -0.145954 -0.105564 -0.085437 -0.398644 0.026912 -0.121809 -0.239126 0.218713 -0.385678 0.080316
become 0.726458 0.350488 0.194594 -0.101137 -0.251737 0.277854 -0.008103 -0.719599 -0.711462 -0.314180
boy 0.109384 -0.102037 -0.268977 -0.121977 0.284858 -0.160085 -0.509491 -0.564974 -0.427568 -0.012433
brave 0.093420 0.354644 -0.376556 -0.067982 -0.159825 -0.337410 0.549146 0.321527 0.309937 0.098140
cared 0.009849 -0.093241 0.064691 0.365920 -0.246712 0.157668 0.003987 0.221356 0.238043 -0.112538
castle -0.411256 -0.050190 0.101567 0.025817 0.341928 0.176128 0.790295 0.147552 -0.134747 -0.472471
for -0.623067 -0.101183 0.162546 -0.103880 -0.027630 -0.045409 -0.055458 -0.381766 0.101853 0.075418
fought -0.054549 -0.053642 -0.173964 -0.502122 0.106164 0.188875 -0.045510 0.416419 -0.114058 0.359468
girl -0.094144 0.078924 0.011608 -0.043607 0.236158 -0.020223 -0.420830 -0.534084 -0.205991 -0.063047
in -0.741488 -0.131732 0.326981 0.216427 0.182929 -0.413139 -0.067174 0.275601 -0.107008 0.230022
is 0.885843 0.332919 0.280543 0.294044 0.120230 0.398006 -0.429207 -0.340024 -0.482887 0.144556
king -0.522486 -0.250001 -0.075764 0.212420 -0.161022 -0.352377 0.605249 -0.329621 -0.038204 0.227487
kingdom -0.643145 -0.579248 -0.305536 0.625003 0.319112 -0.355883 1.049423 0.467306 0.372219 -0.578391
lives 0.583350 -0.341311 -0.146048 -0.415725 -0.469079 0.234411 0.432071 0.255971 0.153179 0.406250
man 0.206618 0.396120 -0.156727 0.313552 0.298050 -0.457802 -0.423495 -0.509647 0.363197 0.068209
on -0.461296 -0.344790 0.330594 0.094935 -0.423638 0.319686 0.213275 0.091010 0.393163 -0.148180
play -0.016372 -0.477860 0.277290 -0.265265 -0.287419 -0.109876 0.005616 -0.422609 0.251086 -0.189764
prince -0.686756 -0.430321 -0.027684 0.183306 -0.259687 -0.428817 0.677539 0.078625 0.019366 0.205337
princess -0.792438 -0.300533 0.215773 -0.324461 0.032404 0.214476 0.249955 0.022286 0.321464 -0.054433
queen -0.175650 -0.036047 0.029090 -0.326056 -0.206584 -0.459260 0.315272 0.177799 0.392543 0.263847
rules 0.446437 0.167946 0.200068 0.132726 -0.022754 -0.127191 0.159618 -0.011111 -0.051942 -0.332074
sit 0.055255 0.416072 0.054978 0.031605 -0.306390 0.018313 0.215310 0.212346 0.275096 0.216504
strong -0.009584 0.586493 -0.258036 0.282646 0.143125 0.565673 -0.629713 -0.415096 -0.523815 0.505860
the 0.429201 -0.567120 -0.063332 -0.356365 -0.594484 0.084589 -1.563430 1.485865 0.454958 0.824429
throne -0.439961 -0.296313 -0.142396 0.042066 -0.070349 -0.255968 0.255531 0.111501 0.236530 -0.190439
who 0.508515 -0.526983 0.113979 -0.253055 0.521632 0.325906 -0.690736 -0.621585 0.126626 -0.096728
will 0.345637 0.081485 -0.443319 -0.321240 0.274379 -0.077588 0.032874 -0.169879 -0.428867 0.655665
wise -0.203912 0.273741 0.138741 -0.053205 -0.048260 0.090481 -0.027955 -0.276860 -0.272857 0.229655
woman 0.854094 -0.081697 0.066232 -0.205361 0.584406 0.139252 -0.138947 -0.541454 0.214844 0.432315
young 0.243829 0.259282 0.109867 0.611204 0.087912 0.529766 0.071074 -0.140419 0.207839 -0.551499
