32 10
a 1.177553 -0.744383 -0.654969 -0.599396 1.707923 1.221124 0.685838 -0.449543 0.836906 -0.865673
and 0.533726 0.036624 0.224753 -0.743956 0.779708 0.378210 0.554103 -0.370992 0.194461 -0.441241
beautiful 0.152987 -0.182355 0.206654 -0.373673 0.212199 -0.102343 0.194787 -0.031280 0.085794 -0.357563
become 0.818859 -0.047699 0.213657 -0.550271 0.407284 -0.129486 0.232356 -0.227315 0.365031 -0.076361
boy 0.519138 -0.054891 0.337744 -0.009628 0.023410 0.125637 -0.137318 -0.030026 -0.154625 -0.017317
brave 0.218741 -0.036015 0.200745 -0.174217 0.736319 0.554224 0.442214 -0.384279 -0.146574 -0.172008
cared 0.541135 0.084469 0.381020 0.052184 0.722531 0.323759 -0.072481 -0.161943 0.074475 -0.397511
castle 0.880453 -0.189494 0.236366 -0.418975 0.469921 0.611952 -0.225133 0.101307 0.200896 0.120750
for 0.553844 0.034836 0.403238 -0.134831 0.285335 0.538742 -0.299586 0.235816 -0.237020 0.101288
fought 0.431010 -0.073478 0.071514 -0.434455 0.701933 -0.083694 0.310538 -0.316281 -0.123295 0.153559
girl 0.587209 -0.224066 0.111962 -0.441784 -0.024290 -0.286077 -0.248420 0.012421 0.307770 -0.226017
in 0.712841 -0.060664 -0.303362 -0.371189 0.205342 0.178393 0.195039 -0.457781 0.097054 -0.621632
is 1.426647 -0.616973 -0.029297 -0.760917 0.792683 0.105301 0.489829 -0.176044 -0.191072 -0.536149
king 0.634113 -0.121574 -0.206336 -0.601525 0.530551 0.157858 -0.267637 0.017269 0.284425 -0.224085
kingdom 0.060395 -0.302968 0.436974 0.113760 0.898217 0.469229 0.197509 0.099233 0.018475 -0.317219
lives 0.157911 -0.292529 -0.076470 -0.378362 0.375397 0.194102 0.035190 0.204911 -0.050506 -0.576643
man 0.972622 -0.415471 0.223466 -0.142839 0.889191 -0.102523 0.276287 0.089150 -0.118319 -0.775169
on -0.094260 0.082285 0.212623 -0.172853 -0.086201 -0.213622 0.333274 0.238269 -0.185354 -0.184537
play 0.519924 -0.070007 -0.383433 -0.100872 0.360812 0.357601 0.241736 0.356930 0.049628 0.144678
prince 0.250195 -0.393367 -0.243274 -0.297112 0.000946 0.144326 0.347141 0.264608 0.154592 -0.189248
princess 0.515877 0.081286 -0.172895 -0.334324 0.540138 0.461495 -0.251173 0.337692 -0.106305 0.101424
queen 0.522468 -0.128620 0.179062 -0.555363 0.693596 0.063625 0.262232 0.096441 0.411510 -0.171902
rules 0.737173 -0.289460 -0.088255 -0.027874 0.080686 0.071331 0.240575 -0.320677 0.327871 -0.284776
sit -0.021310 -0.191308 -0.288957 0.050467 -0.088445 0.296273 -0.172957 -0.013068 -0.047322 0.181454
strong 0.370210 -0.529287 0.045445 -0.510712 0.723733 0.250498 0.192341 0.133235 0.452808 0.074555
the 2.408149 -1.147355 0.143710 -1.500021 2.611474 1.142031 0.419555 -0.477253 0.861358 -1.384619
throne 0.207816 -0.066748 0.260298 -0.426921 0.162521 -0.000406 -0.106066 0.122019 0.226213 -0.432933
who 0.576385 0.026478 0.176553 -0.632312 0.341583 0.360223 0.503425 0.059307 0.256882 -0.254891
will 0.917797 0.126116 -0.260830 -0.033425 0.876685 0.304287 0.290225 -0.149888 -0.032928 -0.524504
wise 0.789652 -0.646813 0.520168 -0.248158 0.987982 0.367041 -0.257974 -0.336669 -0.135662 -0.268432
woman 0.701654 -0.294814 -0.225603 -0.573397 0.726678 0.139487 0.480380 -0.295704 -0.104837 -0.698268
young 0.741406 -0.243404 0.097350 -0.285516 0.567177 0.296365 -0.116727 0.017049 -0.231373 -0.431996
