32 10
a 0.658364 -0.683503 -0.477571 -0.612379 -1.342253 0.390470 -1.068286 -1.177895 0.518858 0.112111
and 0.220607 -0.834019 0.356663 -0.803519 -0.474953 0.137947 -0.206668 -0.691343 0.523868 0.129562
beautiful 0.092714 0.169581 -0.294975 -0.105729 -0.546906 -0.261607 -0.074136 -0.387500 0.014026 -0.413734
become -0.018637 -0.662720 -0.184474 -0.668733 0.007272 -0.315190 -0.318874 -0.278339 -0.187393 0.345238
boy 0.538151 0.168944 0.046001 -0.171118 0.192900 0.276401 -0.180331 -0.331025 -0.037828 -0.452891
brave 0.617553 -0.375424 0.064363 -0.274776 -0.128042 0.001410 0.114977 -0.610866 0.632619 -0.520473
cared 0.158593 -0.201672 0.289134 -0.004830 -0.294411 -0.054699 -0.077908 -0.068342 0.520903 0.038403
castle 0.534418 -0.673567 0.140033 -1.018592 -0.327107 -0.008479 -0.054475 -0.694951 0.419681 0.138243
for 0.545653 -0.551560 0.120196 -0.779160 -0.077240 0.327424 -0.075362 -0.392933 -0.097090 -0.213261
fought 0.025458 -0.386178 0.252332 -0.224783 -0.242997 -0.002507 -0.459350 -0.172499 0.515196 -0.185464
girl -0.128164 -0.280958 -0.091967 -0.621398 -0.175696 0.018899 0.231304 -0.518471 0.374761 -0.448922
in 0.825963 -0.781870 -0.077795 -0.760858 -0.169874 -0.380687 0.454600 -0.874171 0.309185 0.192364
is 0.385624 -0.817867 0.003861 -0.291785 0.380774 0.642597 0.162434 -0.428121 0.053790 0.451276
king 0.108351 -0.705786 -0.093600 -0.415879 -0.700230 -0.337943 0.066333 -0.695717 0.030281 -0.614105
kingdom 0.814329 -0.764213 0.193344 -1.131546 -0.506976 -0.130660 0.060945 -1.117986 0.576424 -0.182430
lives -0.028538 -0.147977 -0.384601 -0.197341 0.195687 -0.027467 -0.469370 -0.572368 -0.163334 -0.347403
man 0.770287 -0.550863 -0.402396 -0.933464 -0.401568 0.134316 -0.105561 -0.856937 -0.214365 0.090732
on -0.080059 -0.554906 0.324058 -0.457438 -0.488369 -0.165757 0.258150 -0.633374 0.508971 0.005386
play 0.208990 -0.022150 0.083434 0.053910 0.160934 -0.153766 -0.116586 0.064503 0.111793 -0.155659
prince -0.051131 -0.731447 -0.100183 -0.150699 -0.387667 -0.045160 0.041493 -0.313534 0.566884 -0.021197
princess 0.498645 -0.561935 0.484099 -0.624789 -0.463578 -0.164735 0.232515 -0.698475 -0.026702 -0.396373
queen 0.315415 -0.676036 -0.331656 -0.218402 -0.651773 -0.198829 -0.475121 -0.624710 0.228026 -0.548957
rules 0.654334 -0.676687 0.076424 -0.594817 -0.421159 -0.094455 0.093629 -0.566413 0.476459 -0.293261
sit -0.196422 -0.104814 0.153560 -0.499950 0.080486 0.314314 0.256501 0.223526 -0.190445 -0.132257
strong 0.576577 -0.594003 -0.305234 0.036251 -0.450184 0.547693 -0.267817 -0.461064 -0.386272 0.492069
the 1.908164 -0.040298 0.174622 -1.609551 -0.616382 -0.306704 0.299192 -0.804114 0.815085 -0.408681
throne 0.486462 -0.806446 -0.067453 -0.050023 -0.024756 -0.237841 0.372350 -0.433840 0.487607 -0.192550
who 0.572865 -0.609428 -0.368391 -0.494711 0.269622 0.321341 -0.115803 -1.023483 0.044708 -0.229505
will -0.213254 -0.351217 -0.323721 -0.129296 -0.330881 -0.141014 -0.135080 -0.503267 -0.285584 -0.351859
wise 0.472027 -0.977380 -0.004211 -0.692759 0.207085 0.330181 0.427467 -0.869590 0.479698 -0.131990
woman 0.431475 -0.322365 -0.273726 -1.055619 -0.261132 0.061140 -0.563745 -1.018495 0.465104 0.177915
young 0.445102 -0.973103 -0.271968 -0.543268 0.125668 0.416681 0.224630 -0.801490 0.170757 0.018575
