32 10
a 0.838667 1.164250 0.088799 1.001873 -0.566484 0.609006 0.239614 -0.198656 0.431234 0.730157
and -0.245373 -0.001227 -0.224903 -0.685813 0.153985 0.446487 -0.203554 0.208365 -0.601610 -0.257974
beautiful 0.327864 0.412937 -0.346291 0.464783 -0.341597 -0.303333 0.059289 -0.293137 0.027585 0.539391
become -0.164280 0.180613 0.537299 0.349864 0.460430 -0.125897 0.073033 0.438269 0.395592 -0.498327
boy 0.205768 0.324707 0.152316 0.504152 -0.209327 0.178833 -0.345800 -0.037168 -0.145265 -0.000748
brave 0.218530 0.410112 -0.193371 0.016586 -0.498262 0.157914 -0.491718 0.034827 -0.643547 0.114869
cared 0.280648 0.167815 -0.208202 -0.108391 -0.082293 0.010929 -0.103557 -0.184754 0.212397 0.021217
castle -0.090962 0.588899 -0.372385 -0.746401 -0.309542 0.424909 -0.643058 0.094811 -0.301379 -0.613689
for -0.024979 0.312842 0.100956 -0.037337 0.057911 -0.267129 -0.655973 -0.335473 -0.034458 0.135435
fought -0.151197 -0.188200 0.243385 0.182723 -0.271916 0.327296 0.003943 0.248358 -0.201751 0.169700
girl -0.215298 0.111158 -0.098042 0.498207 -0.134058 0.182945 0.096271 -0.172525 0.323886 -0.336390
in -0.102093 0.178009 -0.303410 -1.093898 -0.126325 -0.196141 -0.939550 -0.037667 -0.547833 -0.167814
is -0.422810 -0.063669 0.327617 -0.655134 -0.001414 0.375610 0.070228 -0.258593 0.362641 -0.802303
king -0.370725 0.337827 -0.157123 -0.252142 -0.372074 0.424197 -0.623421 0.043904 -0.478002 -0.028618
kingdom -0.655641 0.393395 -0.827223 -1.441439 -0.852576 0.169663 -1.065072 0.424345 -0.939100 -0.276858
lives -0.371826 0.304807 -0.495011 -0.507110 0.439848 0.214617 0.184862 0.602061 -0.075326 0.395086
man -0.275157 0.618213 -0.394719 0.246419 0.031992 -0.200693 0.118028 -0.043565 0.504164 0.315821
on -0.283384 -0.166705 0.004245 0.065786 -0.313415 0.285371 -0.562985 0.239620 -0.561153 0.082549
play -0.290425 0.350636 0.307509 -0.132154 0.274266 -0.374963 0.531074 -0.369675 -0.233441 -0.166693
prince -0.233663 0.542446 -0.229277 -0.374303 -0.352749 0.243118 -0.263338 0.079230 -0.534640 0.390436
princess -0.137025 0.435989 -0.275617 -0.152371 -0.764283 0.013701 -0.380739 0.052293 -0.202443 0.363346
queen 0.357553 0.318393 0.102665 0.082535 -0.199125 0.426629 -0.685342 0.401604 -0.050177 0.303470
rules -0.219695 0.013357 -0.070940 -0.473301 0.007118 -0.016892 0.109908 0.560212 -0.303858 -0.139938
sit -0.025448 -0.147328 -0.046779 -0.132806 -0.164663 0.190701 -0.109795 0.438755 -0.344737 0.435161
strong -0.228132 -0.490867 -0.265536 -0.361218 0.386374 0.081910 0.646588 0.261412 0.585119 -0.435820
the 0.562595 -1.105661 0.291444 0.226678 -0.952652 0.074909 1.618571 -0.615152 -0.687727 -0.154722
throne -0.327253 0.195373 0.033591 -0.358304 -0.239215 0.150006 -0.451534 0.321367 -0.101922 0.063257
who 0.484559 0.009240 0.646988 -0.275022 0.537088 -0.510881 -0.003529 -0.449255 0.708143 0.234708
will -0.388877 0.507811 -0.339494 0.415893 0.375599 -0.125905 0.004748 0.336993 -0.232654 -0.305100
wise -0.233174 -0.183705 -0.303553 -0.249586 -0.480490 0.239597 -0.482442 -0.494549 -0.418336 -0.131699
woman -0.116349 0.439063 -0.050854 -0.422605 -0.316588 0.180840 0.260931 0.370412 0.057554 0.069285
young -0.227314 0.042351 -0.280146 -0.490554 0.236532 0.053176 -0.412500 0.330055 0.510411 -0.657860
