32 10
a -0.080110 -0.293908 0.130007 0.064332 0.183635 0.431379 -0.373354 0.483039 -0.421514 0.091172
and 0.069558 -0.623382 -0.267442 -0.029936 0.065618 0.128418 -0.395298 0.172438 -0.189901 -0.412762
beautiful 0.002947 0.109047 0.263319 0.074202 -0.065588 0.188550 0.289908 -0.292253 -0.180186 -0.048909
become -0.075193 -0.085541 -0.110055 -0.383407 0.088616 -0.006108 0.035079 -0.156798 0.143039 -0.456944
boy 0.215197 0.328027 0.227286 0.276216 -0.159729 0.019625 0.273787 0.125429 -0.042807 0.008839
brave 0.144977 -0.194504 0.285854 0.041128 0.350969 0.201190 -0.423675 0.423986 -0.402942 0.035340
cared 0.080194 -0.196169 0.186533 -0.273467 0.027767 -0.022766 0.297803 0.258511 0.071279 0.223313
castle 0.012917 -0.010365 0.228809 -0.500502 0.204373 0.508120 -0.352023 0.213273 -0.405527 0.098397
for -0.246548 -0.129128 -0.381007 0.021001 0.201462 0.294390 0.326891 -0.007025 -0.337168 0.081124
fought -0.282968 0.283607 -0.173541 0.021174 0.322401 0.464417 -0.230335 0.234137 0.034771 -0.001967
girl 0.106600 -0.172634 0.252325 -0.341202 -0.202053 0.140842 -0.422839 0.298053 -0.065676 0.104069
in 0.217493 0.041538 -0.275707 -0.151657 0.243535 -0.110877 0.099735 -0.157646 -0.408402 0.091489
is -0.147570 -0.505710 0.172180 -0.458109 -0.246224 -0.101545 -0.392940 -0.094685 -0.427255 0.269647
king 0.337010 -0.410959 -0.326976 0.174804 -0.067576 0.318045 -0.433971 0.114155 -0.507102 0.023467
kingdom 0.341642 0.257380 -0.139885 -0.612396 -0.079363 0.054397 -0.168741 0.384409 -0.182367 0.129012
lives 0.247312 -0.481933 0.149245 0.205867 -0.173335 0.178594 0.135561 -0.194723 0.162687 0.174142
man 0.250108 -0.062662 0.475547 0.293483 0.223021 0.112085 -0.064835 -0.367532 -0.058295 0.007045
on 0.355549 0.320947 0.056488 -0.088506 -0.244269 -0.273085 -0.359440 -0.204719 0.106980 -0.136965
play -0.132684 -0.126023 0.082390 -0.061511 0.317271 0.440534 -0.204757 -0.057006 -0.370725 0.253484
prince -0.304492 -0.376906 -0.290656 -0.226761 0.374086 0.265826 -0.197686 0.058463 -0.193881 -0.220746
princess -0.332471 -0.465869 -0.119816 0.145889 -0.142350 0.278102 -0.415757 0.277618 0.142207 0.196467
queen -0.154228 -0.190439 -0.018001 -0.394602 0.418349 0.467080 -0.006174 0.253869 -0.373939 0.157056
rules -0.332487 -0.481651 0.321362 0.310591 -0.047092 0.236633 -0.288828 -0.189422 -0.428983 -0.240891
sit -0.318041 -0.326944 -0.228922 -0.481672 -0.410872 0.422286 0.050394 0.128750 0.053237 -0.119651
strong -0.243609 -0.489382 0.435489 -0.260876 0.309392 -0.299161 -0.417267 0.365684 0.052938 0.213886
the 0.499284 -0.440140 -0.226555 -0.854792 0.044430 0.697642 -0.233337 0.445840 -0.659473 -0.498312
throne -0.056923 -0.019636 -0.421139 0.025347 0.152408 -0.117265 0.262856 -0.227062 0.074401 0.014703
who 0.518090 -0.561093 -0.216831 -0.196172 0.463208 0.494057 0.111823 0.252708 -0.220686 -0.272080
will -0.307959 0.033782 -0.260402 -0.330408 -0.259929 0.163231 -0.113821 -0.151955 -0.115102 -0.218543
wise 0.416645 0.009678 0.161947 -0.249971 0.199346 0.500862 0.026953 0.207694 -0.342417 -0.067610
woman 0.131165 -0.533492 -0.237619 -0.104554 0.053005 0.542363 -0.116076 0.245258 -0.250032 0.280061
young 0.211800 -0.309077 -0.148687 -0.415330 0.010075 0.162753 0.215316 -0.433566 -0.208097 -0.009752
