32 10
a -1.580172 -0.627924 0.123250 -0.514340 -0.399167 0.055068 1.172415 -0.903541 -1.307617 0.289095
and -0.729996 -0.551956 -0.826282 -0.139782 -0.803278 -0.462514 0.180577 -0.852344 0.261888 -0.049601
beautiful -0.095237 -0.402029 -0.157432 -0.676038 -0.228206 0.050576 0.665536 -0.555550 -0.363920 -0.247749
become -0.225275 -0.132444 -0.745049 -1.259466 -0.435640 0.316424 -0.028154 -0.565585 0.635843 -0.246789
boy -0.106354 -0.557845 -0.482886 -0.218937 -0.407127 -0.022597 0.684279 -0.539749 -0.341828 -0.009268
brave -0.451196 0.024479 -0.419263 -0.870656 -0.657585 -0.246789 0.173842 -0.873287 -0.397975 -0.200443
cared -0.440299 -0.175780 -0.194626 -0.538344 -0.181733 -0.385688 0.523886 -0.206009 -0.336242 -0.236009
castle 0.125392 0.262116 -0.992477 -1.382826 -1.005424 -0.450203 0.607660 -0.774467 0.091788 -0.285415
for 0.065044 -0.067990 -0.539650 -0.656450 -1.035548 0.084164 0.618646 -0.582017 0.249804 0.275628
fought -0.667852 -0.253063 0.066499 -0.696076 -0.500959 -0.288540 0.465967 -0.435175 0.246978 -0.225665
girl -0.442981 -0.196025 -0.331538 -0.416912 -0.578759 -0.122414 0.605967 -0.426982 -0.516698 0.064161
in 0.030091 0.151689 -1.502431 -0.427206 -1.043881 -0.745212 0.529154 -0.158944 -0.299054 0.347640
is -1.134618 0.157563 -0.563680 -0.802396 -0.954953 -0.211902 -0.108367 -0.324319 0.740390 -0.893199
king -0.101809 -0.107333 -0.182734 -0.578082 -0.668208 -0.181925 0.566996 -1.046417 -0.270732 -0.208981
kingdom -0.010677 -0.538891 -1.416410 -0.974301 -1.149435 -0.818442 0.838794 -1.079400 -0.275545 0.196791
lives -0.291025 -0.051401 -0.787183 -0.238562 -0.438060 0.353193 0.787251 -0.228438 -0.884538 -0.079956
man -1.075380 0.206623 -0.551212 -0.995620 -0.376444 0.105800 0.416882 -1.003960 -0.209592 -0.023150
on -0.527257 0.142799 -0.401998 -0.573928 -0.455990 -0.633767 0.717057 -0.759133 -0.043726 0.426088
play -0.175794 -0.458386 -0.023083 -0.132670 -0.785897 -0.503814 0.409768 -0.294133 -0.559866 0.244360
prince 0.069772 -0.107190 -0.823842 -0.421317 -0.833694 -0.719414 0.193154 -0.995619 -0.528088 0.200216
princess -0.211401 -0.260052 -0.862602 -0.466564 -0.763324 -0.555188 0.396867 -0.754023 -0.173875 0.195471
queen -0.509849 -0.451810 -0.937842 -0.328362 -0.716730 -0.392768 0.238511 -0.860280 -0.180634 0.455466
rules 0.118587 -0.013654 -0.663754 -0.980706 -0.290292 -0.442428 0.831074 -1.005800 -0.651175 -0.143888
sit -0.683142 -0.012433 -0.248003 -0.396599 -0.743199 -0.068610 0.057079 -0.127286 -0.468195 -0.471036
strong 0.045301 -0.097702 -0.939753 -1.401353 -0.492315 0.207541 0.208274 -0.585639 0.829728 -1.134258
the 0.291359 -0.798919 -0.138940 0.408353 -1.329886 -0.332703 0.413040 -1.063533 -1.208123 -1.768965
throne -0.334473 -0.052952 -0.792433 -0.380800 -0.563429 -0.647049 0.366477 -0.689411 -0.484866 -0.121500
who -0.018373 -0.343623 -1.378349 -0.756311 -0.277974 -0.414961 0.848369 0.112470 0.018897 -0.677884
will -0.504116 -0.410105 -0.068315 -0.111996 -0.767743 0.077908 0.996957 0.366987 -0.931446 0.400677
wise -0.416372 0.562306 -1.231276 -1.345707 -0.500587 -0.687120 0.006546 -0.415780 -0.043241 -0.967261
woman -0.849739 0.060698 -0.852888 -1.090584 -0.066619 0.075275 0.147659 -1.048937 -0.825807 0.127211
young -0.624931 0.319307 -1.039282 -1.257331 -0.202317 -0.505000 0.344902 -0.043806 0.069096 -0.203626
